2774220223 TABVLAE VNIVERSALES.

TAnvnA Vss

Pro 22222αεί42222 in ascensionem 22220242.
...,--.........-...------

Argumenta: ( Ah -long. 948 1924082 -10224, 448 ΣΞ),
sa· declinatio australis, argumentis Vlfigna adde.

‘- 2· 3· 4· s·

0 297,’929 269,’962 278,’962200,’000 222,’098 ²3⁶·'439 30
¹ ι92, 931 262, 944 229, 664266, 224 222, 622 226, 800 29
2 297, 990 264,9ι8 280, 247 202, 468 222, 297 297, 292 28
3 297, 982 264, 722 280, 898202, 202 222, 926 297, 490 27
2226222 2622228 26222222222222222222226.

9 ις2. 669 269, 994 ι82, 226269, 662 224, ¹34 ²38, 133 29
6 298, 299 269, 960 282, 8862204, 998 224, 792 298, 498 24

266, 997 289, 960 209, 228 229, 922 298, 792 29
8 298, 994 266, 844 284, 2984209, 896 229, 909 299, 022 22
9 158, 442 2679904 1284, 9221206, 982 2-2-63-479 ,282 22

.-.... ,,- 33⁹...

10 298, 964 267, 768 289, 609207, 906 227, 046 299, 998 20

’ 298, 698 268, 249 286, 9026208, 028 227, 604 299, 789 29
22 298, 844. 268, 792 286, 9981208, 748 228, 294 240, 026 28
29 2592 009 269, 228ῗ287, 698 209, 469 228, 6964240, 297 27
¹⁴ ,2222222 Q 02262 2222222. 2222222222 6

¹5 299, 998 270, 248 289, 220220, 890 229, 792 240, 642 ¹5
16 299, 994 270, 772 289, 822222, 9981290, 267 240, 826 14
Ι7 299, 767 222, 9646 Ι96, 533 222, 302 226, 722 246, 992 13
28 299, 984 272, 846' 191, 292229, 002 292, 268 242, 296 22
29 266, 227 222, 996 ι92, 9⁷². 224, 699 222, 733 242, 962 22

20 260, 462 272, 994· 292, 694224, 992 292, 292 242, 496 10
22 260, 729 279, 922 299, 428229, 079 292, 699 241, §58
22 260, 988· 274, 099 294, 244229, 762 299, 296 242, 666
29 262, 269 274, 6787 294, 8724226, 440 299, 609 242, 762
24 262, 962 279, 268· 299, 602 227, 224 294, 040 ²41· 944

..- ...ψ-Ι*-

29 242, 46 272, 966 296, 333 222, 762 244, 466 242, 929

26 242, 296 276, 422 292, 669 226, 449 294, 882 ²4¹· 979
27 262, 920 277, 084, 297, 798 029, ¹0² ,²352 ²8⁸ ²4²· 0¹8
28 262, 849 272, 7097 298, 9924219, 7691099, ⁶8² 24²· 050

29 269, 2001 278, 929Ι 299, 266 220, 999 296, 066 242, 069
26 22 2222262222 22222

222 -202 9· 8· 7‘ 62 on.

 

