. α meme! Ι Boons, · 1 [ἃ. LIBRAE nd α LIBRAE·
3¹⁸ Ι Spica. 1. Arcturus. 1. 5,. 2
N ι .

01141. 0 erratu 001111.181111110 mat. 1111110 emt. numo
Ι ct inspn. mtpat. tnspat. iufpat. 11174101. 11174111. iuspat: infpn.
110111 ÷ 1 ÷ 4 ÷ ÷ ÷ ÷

⁰⁸ ‹326290 1506 9:06 14:94 24269 26:13 24:68 26:90¹
1017158 0185 1116 1109 1555 9515 9550 9515
101161 1151 1116 1111 1119 1191 1116 1111

101144 18200 ¹5,45 20‚05 26,20 11119 26‚13 91,οι
-99 17111 11178 1154 9144 '26‚12 19‚76 26‚11 1978
0 11611 1111 1911 1111 1181 1811 1181 18111

101551 14,Θὸ 1186 1405 1541 1690· 0541 1690

’10 14151 15180 0197 9514 9481 1566 9480 1506

*μ’*ᾎ--ύ--ῳ-ι* ¹

5 01556 1519 11596 26‚11 9404 1451 14,οθ 1450
, 101111 1118 1118 1601 1118 1111 1111 1181
’1 001181 1116 1911 1119 1111 1111 1111 1111

Π 191401101ὅῖ 50105 0184 1119 1116 1118 1115
’ ¹⁰ 13110 10175 51101 07195 01110 1185 9119 1180

20 16,87
5 11111 1191 1116 1116 1191 1191 1811 1188
111166 1119 1118 1681 16118 1111 1111 1119
1 01,
0 9015110 10194 50194 95100 15151 15180 15152 15180
’ 111161 1815 1111 1191 1161 1181 1111 1186

1 01111 00114 1119 1111 1191 1111 1191 1118
²⁰ ¹2²55 22,00 24255 1995 1181 1881 1181 1819

9 0 10104 00181 14204 15189 15190 05149 15294 05150ι
1ο 17,88 1111 1191 1509 11181 9548 1680 111150
..ζ’-0110100 07144 10165 1051117177 07107 17177 07150

1ῘῙ9499 95,οῧ 554 1154 1105 9509 1199 95111
111111 1111 ,101 1111 1111 1109 1198 1111 .
20 26‚21 24‚21 8,18 1594 1591 1505 1589 11,οδ
1⁹ ⁰96’90 23,06 9100 14194 04109 26‚1ss 04108 00100
ξὲἑιζζέἓὲὲιῗὲῐῖι quantitatum alterationis et natationis adde [emper al-

 

