31

variatio secularis latitudinis boreal‘m fixarum.

· Argumentum: Longitudo fixae.

si latitudo aaestralc's, mutantur flgna.

1⁸ 11⁸ 111· lv·

5 12‚6313‚6 466 363364 333633 333333 343 666 3
6 33, 333 33, 343 50, 833 ςο, 863 33, 39ο 33, 333 6

36 633663 443663 333334 463343 663333 33 633
343633 443 336 33 336 463 366 333333 3 343 33

33 33, ο33 43, 983 33, 636 43, 369 33, 6338 0', 814 33
33 33, 801 46 433 33, 693 44, 69ο 34, 8ο3 3, 333 33

63 363636 463633 363 334 433643 633363 33336 63
38 33, 393 48, 4ο3 33, 333 43, ο93 3ο, 663 6, 333 38

30 33, ο43 49, 098 33, 000 40, 968 38, 939 8, 3333 3ο

*on-*m-

vn· vm· lx· X·

 

