ABERRATIONIS TABVLAE VNIVERSALES.

7 1111111111.

Argumenta pro Aberratiom 1’11 Ascenfionem rectam: Ι
(61.1-1-16119. ΘΠ) et (AE.*÷long.0])

Argumenta pro Aberratione ἰ11 Βεεὶἰηαείοησηιε
(JK-*11 long. Θ -1-6661. 11 )11(68.11 -1-1669. Θ-6161.1 -1-1111311.)

Gna. 0⁸

0 20, ’419 16, ’363 16, ’116 16, ’666 19, ’796 19, ’637 3ο
1 20, 419 20, 39 20, 163 19, 991 19, 784 19, 633
2 20, 419 16, 333 16, 197 19, 983 19, 778 19, 630 28 ‘
3 20, 418 16, 331 16, 190 19, 978 19, 771 19, 627
16, 184 19, 971 19, 766

16, 417 16, 343 16, 177 19, 963 19, 760 19, 616 13
6 20 411 191119 ²0 111 191916 191114 191611
16, 416 16, 333 16,164 19, 949 19, 748 19, 614 13

8 16, 413 16, 336 16, 137 19, 941 19, 741 19, 611 11
16, 316 20, 150 19, 934 19, 736 19, 609 11

16, 413 16, 311 16,143 19, 917 19, 731 19, 666 1

“ 16, 411 16, 316 16, 137 19. 916 19, 713 19, 664 19

16, 416 16, 311 20, 136 19, 913 19, 716 19, 661 18

13 16, 468 16, 367 20, 122 19, 906 19, 714 19, 399 17
¹⁴ ,11111

13 16, 463 20, 196 16, 169 19, 891 19, 764 19, 393 13

16 16, 463 20, 291 16, 161 19, 884 19, 698 19, 393 14

17 16, 461 16, 186 16, 694 19, 877 19, 693 19, 391 13
18 20, 398 16,186 20, 687 19, 870 19, 689 19, 396 11

16 20, 394 16,169 16, 673 19, 837 19, 679 19, 587
16, 391 16, 164 16, 666 19, 836 19, 674 19, 386 9
20, 389 20, 138 16, 639 19, 843 19, 676 19, 383 8
20, 386 20, 131 16, 631 19,836 19, 663 19, 384 7
16, 383 16, 146 16, 644 19, 819 19, 661 19, 583

20, 380 16,146 16, 637 19, 813 19, 657 19, 583
20, 377 20, 134 16, 619 19, 816 19, 633 19, 381
16, 373 16, 118 20, 022 19, 810 19,6 49 149, 381
16,376116,111 20, 613 19, 863 19, 643 19, 381
19 20, 367’16, 116 16, 668 19, 797 19, 641 19, 381
30 20. 363 16.116 20, 000 19, 790 19, 637 19, 581

7.

 

