Stellarum 'ettiminantium

¹ Aberratt'o diurna in aseenfiottem rectam.

*...—......—
Arg. in fronte: altitudo poli observatoris.

Arg. in latere: declinatio fixae.

1041. 0· 10· 20· 30· 40⁰ 50· 60⁶ 70ο 80· 90·

0 0.30 0.30 0,39 0.26 0.25 0,30 0,13 0,10 0,ος 0.00
10 0,310,300,390,37,0340.300,130,110,030,00
0 03 0,.‚.00080250. 1016011006 0.00

30 ο,3,0.330,30,300,,70,3,,33018010,,06000
33 0,37 0370,330,3; 0,,380 340.1,,9013006000
40 0.4c 0,39 0,37 0,34 0,30 0.26 0.20 0,14 ο,07 0,οο
143 0,,4304.3 040 037 3038033013007 0,00
130 0,471,,,,0470440410360,300340,,160080,00
133 0,33 0,33 0,30 0,460,41 0.34 ο.37 0,18 0.09 0,001
60 0.600600.37 0,47 0,3,,903003101110.00
63 0,.670660610,380.,310430,3,4033.3010.00,
66 030740700630370410370601300οζ
69 0850‚.8470800. 7.40630,690,,3.,43090130001
Ι73 0,980,970,93 0,830 ο,3,7306 0,.490340.170,00ξ
7,31181.,,,,716110103090060,,.390400300,οοξ
11781.1461.,ζ441,71,371,130....394073030030001
1111.941,911,8311,491,3,7309ο,670,0,4001
83.63,733 333313,14 3..1000310,100
3,...901991010001

88 8118388191346613604 29.815: 0,οοΙ
3101 9,969,80 9338 766 6,,404983,41 1, 730001
89 1141111116,1111.1>913,3111.1ο 871 396 30, ..001

 

