em
*ffl-e———m--Q—

T Λ Β V L Α IV.
Puallaxis Solis in Circulo verticali polita media 8,''7.

Aizi-‘ln' ιλιι Jmmlfflebrun 2Mru1

4400446404246ffl 15Μί 4611159691 Jum

, 9 90 5455 559 557 5ἶ79 5,’65 4⁶58 4'55
4 86 559 5459 575 5465 5469 5456 555
5 59 576 5475 5469 569 5455 5459 5447
99 75 566 5465 555 5459 544 559 5456
96 ’74 5459 5445 5445 5456 559 5495 559 ’

ἣ-..ι-σ--υ-ι-...ι--υ--α---ι---

55 45 5459 595 , 595 599 5496 5494
24 66 8,09 8406 4 5 ι 7784· 7²8¹
45 54 481 479 , ‚ 4 7455 7455
59 58 755Ῑ 9 5 ² · 7,28 7,25

44 46 6,37 , , ‚ , 6‚17 6,ι5
45 49 592 , , 4 4 5474 5479
59 55 5445 4 4 5495 5496
56 54 4495 4495 4499 › ‚ 4459 475

*nn-...a-——nnn--n—m—--n——n ———-—-.-.-

55 59 469 467 4465 469 4457 455 455
69 59 4445 4449 4459 4455 4459 499 445
69 95 495 4494 4499 499 495 4495 401
64 96 555 5457 554 559 5475 5476 475
, 66 94 569 559 557 554 559 549 545

—————-——-——--—·-=-—-

68 99 559 555 559 596 ”, ”,.
qo 9ο 5,(44. ,9409 5,οο 498 4Ί 9 ,
79 95 474 , 947 469 4

74 16 244 ,

061 ‚

:,- ο,5ι 0}‚{31¹o50 ⁰:40 ζ
, o‚00 o,oo o‚oo ο,οο ‚

 

