526

NVTATIONIS TABVLAE VNIVERSALES.

TanvnAVI.

Pro nutatione in ascenstonem rectam.

Argumenta: (5115 41655934 (5 ΣΞ) et (Αἱ 44 -,- long. 948ζὲ).
Si declinatio azfirah‘s, his argumentis VI figna adde.

0 095,’855 094,”660 096,”902 000,·000 005,’085 05-559· ’50
5 593, 836 594, 756 197, 011 266, 568 263, 573 563, 392 29
2 0593, 839 594, 772 597, 566 566, 253 203, 267 ως, 443 28
3 195, 844 194, 850 197, 201 200, 3²3 209, 358 205, 495 27
4 095, 850 094 889 092, 092 Q Q Q 26

*μ’-0* ”

ς 193, 859 194, 950 092294 000, 552 005, 526 005582 05
6 193, 869 593, 652 597, 492 266, 644 263, 624 263, 632 24
7 593, 885 593, 676 597, 590 000, 751 108, 710 205, 675 ²5
8 193, 895 195, 542 197, 690 266, 838 263, 796 263, 716 22

5,
56 593, 929 593, 277 597, 895 565, 070 263, 963 26 , 793 26

00 095, 949 095, 542 092, 992 000, 026 004044 003 829 19
12 593, 976 593, 459 598, 693 265, 282 264, 523 205, 863 ,9
15 195, 995 195, 491 198, 198 2010 587 004, 005 263, 896 57
EQ 195, 5⁶5 198,-ΕΜ, 491 Q 263. 926 56

05 094045 095640 098, 404 000, 596 004, 559 205, 9,, ,ς
1⁶ 194. 074 195, 717 198, 509 201, ⁶99 104, 455 263. 982 54
57 594, 564 593, 795 598, 653 265, 862 264, 369 266, 667 13
' 08 094, 052 095, 825 098, 208 06ι, 963 204, 581 206, 030 12
ΛΜΨ 19853ἰ120-20387Μο06, 050 0,
26 594, 207 096, 057 598, 936 262, 569 264, 723 266, 675 *10—
25 594, 244 596, 526 599, 636 262, 269 264, 795 206, 039 9
22 594, 284 596, 264 599, 542 262, 356 264, 838 206, 563 9
23 594, 323 596, 296 599, 249 262, 469 264, 924 206‚119 7
AQQ Qfflffl'206· 000 ⁶

²5 194·413 596, 464 599, 463 262, 666 263, 636 266, 54, 5
06 094459 096, 553 099, 520 000, 204 οος, ιι, 205, ,4, 4
02 094502 096, 840 099622 000, 299 005, 170 206. 155 3
08 094552 096, 555 099, 285 000, 893 003, 225 ,64 ,5, 2
·²9 094, 608 096, 825 099, 890 000, 989 2ος, 254 206, 164 1
50 094 660 096, 902 000, 000 004, 084 205. 559 206. 165 0

...11⁸ 10¹ ,95 5 6¹ ml

 

