TABVLA m.

Epnchne mediorum motuum [solis ἰη tempore nd meridia-um obteram-ii
nunaunt.

17³¹ 15 41 55‚⁰47 779 178 141 755 655 585 2⁰5 310 615695
178² 15 40 55‚740 779558 867 205 5⁶8 54⁸ 456 575 709 ,Ἢ
1755 ιε 59 58455 778 898 49² 671 485 515 707 956 795
1754 Β, 13 42 57.681 Qum 1¹0 140401 με 95ss o
¹⁷⁸5 15 42 11574 779651 744 618 16 447 1119 65 961 557
1751) 18 4¹ &⁰57 779 12569 76 5¹ 4¹2 4511 125 4⁶ 86⁵ -
1787 18 411 5,761 7785719511 544 146 577 711 189 15119011
1755 Β» us 45 5·⁰99 730 766 ono 1³ 64 346 9⁶2 254 215 954
1789 15 4² muz. 779 1161454111 979 ’,11 115 517 299 ,9681
179⁰ 18 4¹ 111596 7711 *so 871 msssn 277 465 351‘394 a »-

1780 Β. 1⁸⁸42' 5⁰:555 79⁰ 818 617 167 758 618 9511747ΙΞ41 6⁶2

78 708

 

¹79¹ 18 40 ¹5¹⁰89 775 846 ,496317 *os 24⁰ 714444 4⁴⁷³ 56 1
¹79² B. 18 43 1255ss 78⁰ 240125 886 716 210 966 5⁰7
1795 18 41 15-1151 779 61111 718 354 641 175 217 57,

124— [3—4273—7—2-3. Q⁶⁰ 375322Q¹4¹457Q72¹ 153?

¹795 15 4ο nume 778 5111998 1911 471 715695 5116 1711659 ,
1796 Β· 18 45 19,667 78ο 7¹4 615 759 589 97⁰ 761 8911 166 695
¹797 15 41 1115611 779 74 ²5⁰ 117 5⁰4 ²²¹ 814 974 146 747
1799: 15 41 25.⁰55 779 151875 695 1111 ι171 sss 59 1718111
95² ¹43 51185541

1299— 18 40 affl 7—7—37 4 500163· ¹34 722

555 711
57 1⁰4

15οο C. 18 59 56,45δ 778 154 114651 49’ ” 971 1 111 '542 908
18111 18 58 55151 777 514 751 99 964 11 7315 576 961
¹8⁰² 15 57 55815 776 874 576 567 879 476 141 πῆμα

15οό 15 56 58518 776154 ⁴ 1 55 794 , 717 115 4811444
¹⁸⁰OE 18 ⁵9 57767 778 619, 1118 5115 711, 979 9685114 175 -<

13⁰5 15 58 41114511 777 uss 155975 617 ²· 11 551 649511 1711·
ιεοσ 15 57 457154 77⁴> 548 578 441 541 480 395 755 516 1511
1857 15 56 45847 776 7115 5115 969 457 , 750 58 5175551151,
15115 Β» 18 59 45‚⁰9⁵ 778 ωε 130 578 57 981 511 902 emus:
130 15 58 42.289 Qut& 753846 1811 ²55 585 ,1185 643 59¹¹

131⁰ 18 57 50,482 776 822 380314204 595'128111149 71 bd: 455
1811 15 56 55176 776162 5 781 119 5611754 7111155 716 499}
¹8¹2 B. 18 39 ⁵²1424 778-570'3632 25¹ 57 5¹³⁸ 9⁸0177(⁷ 259 75⁰ 35²2

1515 18 58 55118 777 9561157 719951 495 257 859 515 784 11116

 

 

2131—4. 13 57 57‚s= 1 7761597551187 867 45814511 9⁰2 407 518 66„

 

 

 

1g=5 15 57 9595 776 657 5117 65ᾗ7ᾘ415 759 965 491 8521715}

1816 Β. 15 59 59755 778 51 155 11 7 591996 19576886767
1517 18 59 11447 777411 758 595615 557 1141 91 6611 91 511,
1518 18 58 51411 776 771 585 61 5511 511 49² 155 7443954875.
’1519 18 57 mm 776 151 Β 519445 ¹¹³7 45 118 818988 92³3⁴

 

 

 

 

 

 

 

 

