NVTATIONIS TABVLAE VNlVERSALES.
Τ A 22 v 2. A Vll.

Pro 9222229222 in ascenſsonem rectam.

m

Argumentum:

Longitudo 336 -2- 36322.

4* s·

0 226.’343 2142'328208J272 299,’999 292,”328 283,’632 3ο
2 226, 342 224, 181 298, 922 299, 322 292, 439 283, 339 29
2 226, 334 224, 939 293, 363 299, 423 292, 233 283, 393 28
3 226, 322 223, 833 293, 322 299, 234 299, 989 283, 239 23
4 226 504 213· 222 2922 222 298. 246 190. 249 Q ²⁶

——n-‹-——·———--—. —.— 2.-

5 226, 482 223, 332 296, 992 298, 338 299, 322 283, 996 23
6 226, 433 223, 384 296. 329 298, 232 299, 236 284, 886 24
3 226, 422 223, 222 296, 464 293, 984 190, 943 284, 770 23
8 226, 383 223, 933 296, 298 197, 697 289, 824 284, 669 22
..2226229 Q ²9.⁵2.⁹.².⁹. 92 ⁴¹2 229,-289 2242222.. ,²1..

29 226, 292 222, 633 293, 638 293, 223 289, 366 284, 454

22 226, 249 222, 486 293, 386 296, 843 289, 246 284, 338 29
22 226, 282 222, 293 293, 222 298, 369 288, 939 284, 266 28
23 226, 229 222, 299 294, 833 296, 238 288, 323 284, 239 23
24 226, 053 222, 992 Q? 293, 998 188, 398 284. 993 ‘36-

———---———-

¹5 2¹5⁹ 980 ²¹¹» 093 1042282 293, 328 288, 392 284, 929 23
¹⁶ 2152905 2222 492 ²⁰4· 00² 293, 449 288, 999 283, 943 24
¹7 ²13, 8²¹ ²112 298 ²032 7²2 293, 263 283, 999 283, 889 ¹3 .
¹⁸ 222, 224 2222 070 203, 440 ¹94· 222 223, 70⁵ 223, 222 12
-29-223, 642 {ww-3252 19Q 39],-324 Q& 33

20 223, 346 229, 634 202, 833 294. 342 283, 323 283, 398 10
22 223, 443 229, 422 292, 388 294, 071 187, 143 183, 660
²² Ζ[52 340 Η02186 Ζ002 303 293, 892 286, 963 283, 623
23 223, 239 299, 933 292, 926 293, 336 286, 388 2832 579 7
,34- 239-223 2992 ⁷²4 ²01⁹ 729 292, 271 226. 922 Q] -2

...--— -- -μ-

2⁵ 224 994 209· 489 2922 442 193· 008 286, 448 183· 5¹9 ς
26 224 839 299232 τοι, 254 292, 343 286, 283 283, 496
23 224, 342 299, 922 299, 866 292, 489 186, 1²5 283, 439 3
22 224 607 222, 362 200, 577 292, 222 283, 922 282, 466

EQ 2202222. Q'ffl 222· ⁶⁷² Μ

 

